1
38.731046
19.711317
13.316397
10.075427
8.182593
8.114134
7.364433
6.831736
6.410632
5.845759
5.518919
5.468604
5.256027
5.192401
5.174047
4.950501
4.799808
4.633980
4.589700
4.532527
4.523466
4.407441
4.458962
4.387557
4.293248
4.326174
4.263364
4.243690
4.259631
4.274122
4.180506
4.141703
3.995652
4.062584
4.024616
3.957132
3.965257
4.050964
3.923806
4.001765
2
39.288237
22.392063
15.054043
11.582776
9.576902
8.202302
7.284494
6.667914
6.147980
5.664019
5.239051
5.090481
4.850790
4.599517
4.543971
4.317591
4.247920
4.209895
4.177053
4.024786
4.054136
3.913332
3.889272
3.934147
3.925978
3.896820
3.809201
3.994588
3.741235
3.752670
3.765774
3.679476
3.754516
3.717754
3.826134
3.763796
3.704057
3.732970
3.674194
3.723869
